
% Table created by stargazer v.5.2.3 by Marek Hlavac, Social Policy Institute. E-mail: marek.hlavac at gmail.com
% Date and time: ju., jun. 19, 2025 - 14:24:21
\begingroup 
\scriptsize 
\begin{tabular}{@{\extracolsep{5pt}} cccccccccc} 
\\[-1.8ex]\hline 
\hline \\[-1.8ex] 
Variable & 1 & 2 & 3 & 4 & 5 & 6 & 7 & 8 & 9 \\ 
\hline \\[-1.8ex] 
Abstention (prop.) & $1$ & $$-$0.310$ & $0.040$ & $$-$0.770$ & $$-$0.850$ & $0.180$ & $0.230$ & $0.270$ & $$-$0.310$ \\ 
Δ Leading-party vote & $$-$0.310$ & $1$ & $0.170$ & $0.400$ & $0.460$ & $$-$0.040$ & $$-$0.100$ & $$-$0.110$ & $0.280$ \\ 
Cleaning index & $0.040$ & $0.170$ & $1$ & $0.150$ & $0.120$ & $0.340$ & $$-$0.080$ & $0.150$ & $0.150$ \\ 
High education (prop.) & $$-$0.770$ & $0.400$ & $0.150$ & $1$ & $0.950$ & $$-$0.140$ & $$-$0.340$ & $$-$0.250$ & $0.030$ \\ 
log(Net income) & $$-$0.850$ & $0.460$ & $0.120$ & $0.950$ & $1$ & $$-$0.200$ & $$-$0.300$ & $$-$0.260$ & $0.230$ \\ 
log(Pop. density) & $0.180$ & $$-$0.040$ & $0.340$ & $$-$0.140$ & $$-$0.200$ & $1$ & $0.100$ & $0.530$ & $0.160$ \\ 
log(Bins per km²) & $0.230$ & $$-$0.100$ & $$-$0.080$ & $$-$0.340$ & $$-$0.300$ & $0.100$ & $1$ & $0.220$ & $0.030$ \\ 
log(Lights per km²) & $0.270$ & $$-$0.110$ & $0.150$ & $$-$0.250$ & $$-$0.260$ & $0.530$ & $0.220$ & $1$ & $0.100$ \\ 
Average age & $$-$0.310$ & $0.280$ & $0.150$ & $0.030$ & $0.230$ & $0.160$ & $0.030$ & $0.100$ & $1$ \\ 
\hline \\[-1.8ex] 
\end{tabular} 
\endgroup 
